174446
165290
16624
102234
122434
116371
49375
46003
157393
89561
72496
71134
138493
148991
87556
132098
113824
6476
73008
352
157578
147886
26940
82466
8423
155826
107886
74390
21230
171809
110203
180978
63490
51929
90638
90874
20131
34878
89749
51702
98033
2690
64381
21614
125250
58693
89112
147067
39025
8943
2732
61530
67873
160963
182450
61012
19310
123588
69501
146659
53488
29686
81268
23088
144804
146856
176419
96778
13740
105895
148676
131718
92621
2731
163456
76087
87359
146676
179030
110282
114266
137210
117915
113331
73277
35112
16920
101511
40086
171861
178038
56360
64544
174841
7837
15590
22674
168827
198785
39094
72123
51757
163866
161506
95550
179887
85172
44221
89001
83157
159636
172283
97297
40920
138108
163682
136063
23455
18416
76785
12371
100099
50638
24848
97610
136376
5782
129488
119170
163894
27645
74624
187123
112693
103978
12574
42669
66708
67676
16041
64433
26898
7190
94151
44568
62540
127770
24498
16865
154132
73424
61
158284
24562
193
84673
20619
63066
113506
14477
130237
94890
94852
121684
112616
65121
22837
126401
8711
172601
17578
134038
111048
179944
38347
146922
114220
164686
9894
96217
136185
78599
184411
135324
140009
115069
172910
1159
98211
150938
47638
153863
156489
164986
159220
57495
48961
15646
65642
88232
128000
128141
6312
91303
12941
21917
74075
96910
179172
77768
128362
52387
130734
127308
165512
98318
90505
178648
137141
104118
49361
97278
88605
103482
134723
35976
152691
66211
109032
114671
40809
34991
173326
76030
178678
6084
159127
127679
85030
116526
170001
145206
95746
78970
114372
39749
51973
63633
160563
151717
178274
106445
139128
134153
87123
157858
186885
157265
60717
124931
15875
154588
49392
149141
175352
52383
9272
49781
143383
43841
174257
40133
184192
150486
54119
148590
77082
31986
176474
60729
179485
21574
20463
165660
56098
161521
150319
82634
164158
79455
101243
179737
158604
24959
147514
30211
153175
41537
142753
22604
108939
129700
47430
185443
18580
160869
99874
167649
29159
78625
161516
179660
178228
38124
142831
146614
5274
157142
103269
134300
176895
27440
77154
87547
16109
97705
88036
169490
82660
96730
47693
138217
185253
173247
23023
94139
182783
119845
74831
172662
70159
129095
9547
53824
176447
25744
39830
118455
27021
174348
31876
8417
32689
100120
42070
2706
117028
130502
7042
199018
66227
14056
95478
136229
87281
135913
89939
176235
67341
143604
115386
44877
18177
146364
83190
141883
144013
92283
115063
31520
44833
132255
112026
4794
53023
174487
151679
30555
47502
14736
32060
157703
52838
107079
98640
103295
94252
43611
142186
88369
120768
148253
142221
21621
3329
45281
93001
95766
178969
40968
49758
174842
77573
126558
24978
73510
79203
97154
9390
59825
145909
113400
160135
104326
16112
44397
37275
62633
77335
95841
107532
20027
155460
89863
79911
97987
30549
78489
67751
106977
132105
100406
83375
130282
138583
91449
84165
138505
185833
151116
154720
114833
136829
118639
84394
91727
16713
154801
32062
160582
95975
98620
37151
151591
56824
168078
101322
49644
174700
91326
121564
145326
118536
94399
18532
129324
117942
159721
184828
31993
26417
183155
141372
81791
48380
63754
74770
69037
94092
32573
129874
105085
35212
163770
185166
141124
135980
166494
15733
66087
76156
84232
55631
89540
162045
153582
159784
55183
78219
92053
111624
147953
84225
451
91404
32061
156530
111636
160323
136571
110705
147415
8927
2045
39770
121233
41393
98175
1528
22901
33831
172497
144246
128179
145239
20333
6196
167580
133518
48838
679
181837
23585
187531
66672
16308
147366
128247
69423
150660
34834
8732
155864
96460
134244
137698
60180
86895
78837
84986
158738
97855
4466
95037
62671
64406
183935
165963
139993
132023
156407
73871
53274
179034
147983
141417
138278
109890
157358
116931
9494
55157
168334
110523
26131
185348
96116
28284
27652
96615
178942
47822
165064
72228
100563
168327
22029
25389
82865
63240
155850
9779
14567
181147
125766
147439
6550
96685
9578
149361
70285
31463
158286
131184
115244
49826
167688
30531
30474
9783
55425
128290
131065
112354
153759
127621
62766
111475
138757
89090
110215
933
78392
120454
65869
9565
100289
45640
37641
82486
81247
12539
43372
146540
184884
26371
7556
75288
171820
90348
186557
62077
101151
129958
144807
165413
158378
73486
32696
2943
32638
61020
146282
2289
20023
121050
15345
170529
153216
168901
89618
60330
63392
11103
142305
144794
177133
134900
20667
11842
20021
143613
10375
62403
101109
65426
86607
55872
62129
165904
24718
150122
13715
118558
150066
117291
2984
104865
146936
73862
19947
5789
129245
161985
31937
153088
141932
157710
154997
147330
48742
88355
124917
138391
68422
93744
157820
171187
7972
94190
92486
117637
122372
13568
119826
159004
25584
185923
57340
28368
132508
168346
159579
42812
27921
151673
50974
77808
150888
167242
71370
145248
91972
171009
55940
153624
120222
41355
152477
177569
37096
16582
185588
67723
77141
6369
40960
50910
36803
135621
112256
131508
81712
107077
7643
3064
124365
36467
69159
113404
38515
33580
15265
176121
168110
59054
3011
138615
168801
73235
199164
60286
2993
74186
121702
10546
146053
171130
75774
11665
149866
115138
77434
16270
180733
108029
5132
143390
73464
181635
24862
61551
46103
112875
67136
111582
157453
108698
155711
127899
89207
79604
16687
133387
164847
120211
139601
58780
176765
76234
24367
108080
127780
9309
65248
110950
86420
109773
135127
150795
93463
9216
118066
35619
150111
47051
19656
10919
96737
39068
86554
122705
179766
110785
138142
56542
166605
68524
183729
11168
65617
101362
115101
151567
30850
158841
93635
85094
171450
185114
48541
20424
124652
75403
56430
34003
21900
74579
63228
667
18651
83373
25917
99206
124371
98006
11975
22712
113380
165650
14216
169873
89382
148135
51623
12891
106836
110526
119115
126444
11172
5441
32110
128627
20849
52950
2709
178170
15243
82574
69775
57292
154341
131256
147317
130158
118981
1254
120494
42512
87991
33397
33247
81176
65181
66937
967
105946
161731
122998
47608
84396
151300
168176
177125
28829
71557
73432
143554
35216
120212
50567
130382
115035
2152
109268
994
46318
130798
73943
56191
82642
93548
104594
130646
52897
64123
115355
59960
15811
40133
55026
49248
157237
38333
117923
8361
27417
87289
139335
164658
27851
130259
111782
84018
93252
110453
21588
121161
35367
157888
132066
135171
57966
78753
3333
123008
3457
175009
70047
88630
47141
158802
58277
97893
162468
119051
99726
81003
78040
151739
48296
113846
152572
103221
99076
112198
161524
40040
140343
